[[[1652136000,1652136300,60,1.81567,1.77333,1.76717,1.65267,1.66133]]]
[[[1652136000,1652136300,60,2.46035,2.41305,2.49597,2.46803,3.12769]]]
[[[1652136000,1652136300,60,0.0664042,0.0722455,0.0693672,0.0727031,0.0875879]]]
[[[1652136000,1652136300,60,2.07009e+11,2.06967e+11,2.06904e+11,2.06825e+11,2.0679e+11]]]
[[[1652136000,1652136300,60,0.424167,0.396,0.383,0.373,0.4725]]]
[[[1652136000,1652136300,60,1.02682,0.832541,0.890138,1.12839,2.05906]]]
[[[1652136000,1652136300,60,0.0870941,0.0616674,0.0512251,0.0572704,0.0843848]]]
[[[1652136000,1652136300,60,7.71103e+10,7.70504e+10,7.70155e+10,7.6963e+10,7.69156e+10]]]
[[[1652136000,1652136300,60,0.696,0.661333,0.65,0.636,0.664167]]]
[[[1652136000,1652136300,60,1.28182,0.873862,0.931128,1.36883,2.02095]]]
[[[1652136000,1652136300,60,0.0532063,0.0450027,0.0386425,0.0497625,0.0474027]]]
[[[1652136000,1652136300,60,7.45855e+10,7.4583e+10,7.45322e+10,7.43429e+10,7.41863e+10]]]
[[[1652136000,1652136300,60,0.457,0.489,0.553,0.605833,0.661]]]
[[[1652136000,1652136300,60,0.92485,1.76991,1.4416,2.43772,2.49103]]]
[[[1652136000,1652136300,60,0.0536708,0.0686987,0.0638332,0.0672567,0.0658235]]]
[[[1652136000,1652136300,60,7.76012e+10,7.75365e+10,7.75083e+10,7.74489e+10,7.74858e+10]]]
[[[1652136000,1652136300,60,0.24,0.26,0.256333,0.263,0.257]]]
[[[1652136000,1652136300,60,1.52226,1.52026,1.50507,1.50839,1.51926]]]
[[[1652136000,1652136300,60,0.00671345,0.00654433,0.00653103,0.0060136,0.00685005]]]
[[[1652136000,1652136300,60,2.6485e+11,2.6485e+11,2.64851e+11,2.6485e+11,2.64844e+11]]]
[[[1652136000,1652136300,60,1.1995,1.189,1.168,1.136,1.2595]]]
[[[1652136000,1652136300,60,2.20314,3.33511,3.14661,2.02965,2.64265]]]
[[[1652136000,1652136300,60,0.0560509,0.0639527,0.0717941,0.0501658,0.0646023]]]
[[[1652136000,1652136300,60,2.08435e+11,2.08312e+11,2.08307e+11,2.083e+11,2.08291e+11]]]
[[[1652136000,1652136300,60,0.458,0.44,0.44,0.447,0.4705]]]
[[[1652136000,1652136300,60,1.02424,1.09112,1.09298,0.91979,0.844667]]]
[[[1652136000,1652136300,60,0.0955517,0.10657,0.08753,0.0675193,0.0674066]]]
[[[1652136000,1652136300,60,7.32157e+10,7.32201e+10,7.32224e+10,7.32219e+10,7.322e+10]]]
[[[1652136000,1652136300,60,0.291,0.3,0.378833,0.431,0.556167]]]
[[[1652136000,1652136300,60,0.95126,1.08607,2.09326,1.76537,1.07422]]]
[[[1652136000,1652136300,60,0.0545525,0.056009,0.0605476,0.072092,0.0635244]]]
[[[1652136000,1652136300,60,7.45656e+10,7.45515e+10,7.45257e+10,7.45301e+10,7.45384e+10]]]
[[[1652136000,1652136300,60,0.389,0.387,0.376,0.384333,0.376333]]]
[[[1652136000,1652136300,60,0.880308,0.87727,0.880684,0.794052,0.855883]]]
[[[1652136000,1652136300,60,0.0370194,0.0450479,0.0445834,0.0365673,0.0431906]]]
[[[1652136000,1652136300,60,7.6579e+10,7.65475e+10,7.65602e+10,7.65725e+10,7.65702e+10]]]
[[[1652136000,1652136300,60,0.4765,0.407,0.352,0.377333,0.339]]]
[[[1652136000,1652136300,60,0.657039,0.607032,0.853159,2.21785,0.762836]]]
[[[1652136000,1652136300,60,1.65e-06,3.22e-05,2.25333e-05,0.0001032,0.0001414]]]
[[[1652136000,1652136300,60,2.21276e+11,2.21278e+11,2.21226e+11,2.20932e+11,2.21275e+11]]]
[[[1652136000,1652136300,60,0.234,0.317,0.35,0.400167,0.469]]]
[[[1652136000,1652136300,60,0.892142,0.952755,0.791421,1.76504,2.06306]]]
[[[1652136000,1652136300,60,0.0326302,0.0451059,0.0332299,0.0585975,0.0704788]]]
[[[1652136000,1652136300,60,7.50971e+10,7.50653e+10,7.50508e+10,7.49919e+10,7.49552e+10]]]
[[[1652136000,1652136300,60,0.565667,0.509833,0.49,0.497167,0.492833]]]
[[[1652136000,1652136300,60,0.929999,0.825802,0.82329,1.46758,1.72234]]]
[[[1652136000,1652136300,60,0.0407904,0.0359405,0.0395785,0.0480039,0.0631561]]]
[[[1652136000,1652136300,60,7.52007e+10,7.51781e+10,7.51663e+10,7.51028e+10,7.50997e+10]]]
[[[1652136000,1652136300,60,0.379,0.384,0.397,0.650833,0.736]]]
[[[1652136000,1652136300,60,0.762605,0.834682,1.20046,2.2285,1.44171]]]
[[[1652136000,1652136300,60,0.0356664,0.047118,0.0572118,0.0767948,0.0675996]]]
[[[1652136000,1652136300,60,7.55228e+10,7.55053e+10,7.5457e+10,7.54438e+10,7.54659e+10]]]
[[[1652136000,1652136300,60,0.319,0.31,0.352,0.37,0.383667]]]
[[[1652136000,1652136300,60,0.92495,0.991834,0.994704,0.983068,0.99393]]]
[[[1652136000,1652136300,60,0.0461647,0.0520042,0.0557778,0.057321,0.0605678]]]
[[[1652136000,1652136300,60,7.514e+10,7.51401e+10,7.51421e+10,7.51398e+10,7.51425e+10]]]
[[[1652136000,1652136300,60,0.411333,0.404333,0.431333,0.518333,0.5475]]]
[[[1652136000,1652136300,60,2.61396,1.94565,1.83623,4.48324,4.93924]]]
[[[1652136000,1652136300,60,0.086617,0.0583949,0.0539625,0.0668749,0.0704432]]]
[[[1652136000,1652136300,60,7.08826e+10,7.0884e+10,7.08829e+10,7.08401e+10,7.08811e+10]]]
[[[1652136000,1652136300,60,0.282167,0.3975,0.4535,0.467833,0.485]]]
[[[1652136000,1652136300,60,3.27655,6.20272,5.42528,5.35777,4.5698]]]
[[[1652136000,1652136300,60,0.087413,0.102244,0.148784,0.124039,0.114397]]]
[[[1652136000,1652136300,60,6.81183e+10,6.81193e+10,6.81163e+10,6.81042e+10,6.813e+10]]]
[[[1652136000,1652136300,60,0.314333,0.325333,0.475667,0.512167,0.605333]]]
[[[1652136000,1652136300,60,2.2007,2.34063,6.2039,3.58826,2.74587]]]
[[[1652136000,1652136300,60,0.0644216,0.0644506,0.0613175,0.0799312,0.114101]]]
[[[1652136000,1652136300,60,7.18627e+10,7.18412e+10,7.18385e+10,7.18578e+10,7.18547e+10]]]
[[[1652136000,1652136300,60,0.322167,0.335667,0.324333,0.2965,0.305]]]
[[[1652136000,1652136300,60,2.3656,3.55406,2.52859,2.23368,2.21172]]]
[[[1652136000,1652136300,60,0.0800103,0.0890976,0.0738794,0.0683589,0.0769158]]]
[[[1652136000,1652136300,60,6.93012e+10,6.93024e+10,6.93105e+10,6.93178e+10,6.93165e+10]]]
[[[1652136000,1652136300,60,0.375167,0.446167,0.579667,0.641333,0.679333]]]
[[[1652136000,1652136300,60,2.35711,5.92308,7.28236,6.16413,4.04563]]]
[[[1652136000,1652136300,60,0.0731949,0.0749728,0.12183,0.120483,0.0997911]]]
[[[1652136000,1652136300,60,6.98476e+10,6.96364e+10,6.97969e+10,6.97078e+10,6.9659e+10]]]
[[[1652136000,1652136300,60,0.497,0.557,0.609167,0.557333,0.495]]]
[[[1652136000,1652136300,60,6.02368,4.29683,5.14102,2.9925,2.07172]]]
[[[1652136000,1652136300,60,0.0569902,0.0507007,0.064786,0.0490724,0.04969]]]
[[[1652136000,1652136300,60,1.23439e+11,1.23497e+11,1.23499e+11,1.23498e+11,1.23498e+11]]]
